SENSOR_PLATFORM=MOD09GA
NLINES=150
NSAMPLES=100
SUN_ZENITH=0.3270000076293945
MAP_PROJECTION=GCTP_SNSOID
ZONE_NUMBER=h09v04
ELLIPSOID=6371007.181
DATUM=WGS84
GRID_CELL_SIZE_REFLECTIVE=463.312716527778
CORNER_UL_PROJECTION_X_PRODUCT=-10007554.677
CORNER_UL_PROJECTION_Y_PRODUCT=5559752.598333
CORNER_LR_PROJECTION_X_PRODUCT=-8895604.157333
CORNER_LR_PROJECTION_Y_PRODUCT=4447802.078667
