SENSOR=MODIS
NLINES=100
NSAMPLES=150
NBANDS=7
SUN_ZENITH=0.3270000076293945
PROJ_STRING="+proj=sinu +R=6371007.181 +nadgrids=@null +wktext"
ZONE_NUMBER=h09v04
ELLIPSOID=6371007.181
DATUM=WGS84
GRID_CELL_SIZE_REFLECTIVE=463.312716527778
CORNER_UL_PROJECTION_X_PRODUCT=-10007554.677
CORNER_UL_PROJECTION_Y_PRODUCT=5559752.598333
CORNER_LR_PROJECTION_X_PRODUCT=-8895604.157333
CORNER_LR_PROJECTION_Y_PRODUCT=4447802.078667
